[gd_scene load_steps=9 format=3 uid="uid://c0j0ecmmv18qg"]

[ext_resource type="PackedScene" uid="uid://bed73wunw8qgs" path="res://block.tscn" id="1_81irq"]
[ext_resource type="PackedScene" uid="uid://cmhmofkc121yp" path="res://player.tscn" id="2_oq7od"]
[ext_resource type="Environment" uid="uid://dv6uviqyim7yl" path="res://Resources/level_1_Env.tres" id="4_vdruq"]
[ext_resource type="PackedScene" uid="uid://dmr0fcamx7t56" path="res://addons/virtual_joystick/virtual_joystick_scene.tscn" id="5_s5osm"]
[ext_resource type="PackedScene" uid="uid://bnqfa1m5qqicx" path="res://coin.tscn" id="5_y6f80"]

[sub_resource type="StandardMaterial3D" id="StandardMaterial3D_8awme"]
albedo_color = Color(0.407843, 0.631373, 1, 1)

[sub_resource type="BoxMesh" id="BoxMesh_bfaje"]
material = SubResource("StandardMaterial3D_8awme")
size = Vector3(10, 0.2, 10)

[sub_resource type="BoxShape3D" id="BoxShape3D_khho8"]
size = Vector3(10, 0.2, 10)

[node name="Level1" type="Node3D"]

[node name="Floor" type="StaticBody3D" parent="."]
metadata/_edit_group_ = true

[node name="MeshInstance3D" type="MeshInstance3D" parent="Floor"]
mesh = SubResource("BoxMesh_bfaje")

[node name="CollisionShape3D" type="CollisionShape3D" parent="Floor"]
shape = SubResource("BoxShape3D_khho8")

[node name="DirectionalLight3D" type="DirectionalLight3D" parent="."]
transform = Transform3D(-0.258853, 0.68713, -0.678857, 0, 0.702811, 0.711376, 0.965917, 0.184142, -0.181925, 0, 3.76029, 0)
shadow_enabled = true

[node name="Blocks" type="Node3D" parent="."]

[node name="Block1" parent="Blocks" instance=ExtResource("1_81irq")]
transform = Transform3D(0.861558, -0.0317524, -0.506665, -0.378057, 0.625954, -0.682096, 0.338807, 0.779214, 0.527291, 0, 4.03242, 3.0158)

[node name="Block2" parent="Blocks" instance=ExtResource("1_81irq")]
transform = Transform3D(0.422462, 0.483289, -0.766784, -0.752898, 0.658138, 0, 0.50465, 0.57731, 0.641905, -2.68307, 4.24731, 1.09186)

[node name="Block3" parent="Blocks" instance=ExtResource("1_81irq")]
transform = Transform3D(1, 0, 0, 0, 0.83352, -0.55249, 0, 0.55249, 0.83352, 3.14127, 2.95864, -2.67574)

[node name="Block4" parent="Blocks" instance=ExtResource("1_81irq")]
transform = Transform3D(0.562464, 0.626172, -0.539947, -0.743938, 0.668248, 0, 0.360818, 0.401687, 0.841699, -1.90749, 4.32503, -2.75064)

[node name="Player" parent="." instance=ExtResource("2_oq7od")]
transform = Transform3D(1, 0, 0, 0, 1, 0, 0, 0, 1, 3.49104, 1.49007, 0)

[node name="Coin" parent="." instance=ExtResource("5_y6f80")]
transform = Transform3D(1, 0, 0, 0, 1, 0, 0, 0, 1, -2.08975, 1.03847, 3.62881)

[node name="WorldEnvironment" type="WorldEnvironment" parent="."]
environment = ExtResource("4_vdruq")

[node name="Control" type="Control" parent="."]
layout_mode = 3
anchors_preset = 0
offset_right = 1152.0
offset_bottom = 648.0

[node name="Test" type="Node2D" parent="Control"]

[node name="UI" type="CanvasLayer" parent="Control/Test"]

[node name="Virtual joystick left" parent="Control/Test/UI" instance=ExtResource("5_s5osm")]
